397899
310683
23004
117931
220218
491525
331425
381008
256565
445774
148002
348935
32220
445906
281910
387056
396143
36925
391088
351203
129995
506605
552966
412172
463969
240129
273443
260899
471905
203459
416468
275658
195153
516849
267697
427859
286336
333571
18601
127042
539941
499786
413996
180179
36639
18917
7625
171768
127122
570574
461121
62941
32220
200307
475523
409744
480687
29438
171142
75065
110776
140340
274537
57201
9620
14876
334283
461427
546074
8285
547644
13675
367035
439932
133937
139336
424987
513361
271484
135065
109145
494174
347445
222037
118162
183836
559267
131093
580191
363407
337704
439445
69081
384679
375080
242039
495542
234161
171637
229969
444086
263400
57866
299811
100271
554015
447524
576695
346712
172173
95390
308954
127558
181756
165684
8657
69197
446033
508504
507329
124764
327921
254179
458374
544786
384998
112896
358576
302000
241617
95592
346456
274116
469014
420629
59476
65095
108045
4208
177609
238200
409179
508151
168178
321970
449889
113182
532966
548273
223450
14759
553894
238562
258894
24608
5500
267000
378049
143392
65610
398962
69003
184536
85036
99751
357169
303252
574696
316061
444691
290774
402844
439874
407092
327881
86094
93875
94499
45325
552330
335415
557848
563601
244465
456589
222122
128670
524820
339639
25625
403332
444315
398757
254100
110567
325758
545251
97844
529511
207363
418085
107357
185555
40143
286925
319406
84881
286914
157825
352831
131565
254714
576733
492219
70251
258792
473779
128405
430495
178421
440546
352841
561524
391175
178131
219327
124028
564483
542832
203707
578567
457800
94096
109836
93667
366598
186113
28097
404101
297829
506062
318385
53037
260630
514567
495258
442400
253125
340157
110634
139865
304158
429460
289242
314398
223086
177109
225663
170080
79503
524049
53589
462968
535898
432460
510644
114678
394598
521471
506799
505627
527637
539216
166503
162880
33383
97729
411261
308936
319952
199469
409489
540321
408835
109097
260381
504030
552569
363719
477295
491272
78085
350361
160433
339844
283426
246982
491113
110045
66014
178785
431363
550761
517931
254032
487225
130880
278799
105768
500092
476385
454745
572183
441850
501648
106895
451213
481841
305661
526506
388905
452619
316612
353175
425772
217515
222191
333048
514204
310878
126947
412525
75898
279012
401235
358222
195952
551571
251026
336081
396536
160325
158831
19151
571158
540848
106750
93922
152746
357881
380885
21246
267256
536579
59718
376196
479550
541067
569656
506073
55226
62420
83190
256921
103566
346576
515758
218114
319650
120385
176435
13671
499784
150462
523749
273174
36996
16251
80585
282566
237000
60710
166585
500677
560326
565769
320125
306975
154305
455406
356752
333335
520272
145845
235473
533843
458606
222664
224592
15219
70213
442060
326311
63893
330609
9180
497097
440698
208723
502364
241369
173546
477137
166200
251132
97496
228334
530282
409451
563771
173760
234176
184589
61307
166313
39987
491111
258270
146620
186998
359772
43960
100668
436990
256215
399738
362804
304627
395761
273174
41818
492810
77481
274184
505729
339421
198557
321980
330164
490434
471822
257958
214904
27406
225468
48489
499024
402219
341087
98210
262521
255682
411792
188927
460533
364582
398177
382466
573191
381305
467460
88744
579937
44129
359949
576700
202571
219486
567495
427493
490908
564411
43206
246298
465906
383768
319295
24032
32606
239793
430405
438060
536641
140867
450434
415027
97339
49562
35241
117884
99745
220348
204458
143490
391823
308968
147337
278952
278776
323489
153340
15016
426077
421325
176008
78663
424326
355426
302397
516444
19151
411517
530629
579224
423710
572469
538737
336267
103539
23258
217108
61966
455984
287095
393159
28690
493408
156594
455877
189461
522534
361030
236580
536474
520750
171330
435142
528189
130188
276218
263493
532155
526697
330100
173791
555520
12986
155849
246958
488657
81855
253435
361212
502616
250084
26733
292973
154770
278737
524679
210537
428898
218649
151523
193629
168480
270558
374453
335039
554617
292921
424308
38027
443607
536109
449743
169466
342843
555065
245757
263135
427800
291355
533158
144734
145280
39027
39434
271058
529602
221674
340419
528425
504554
547118
72222
271106
548953
463581
529188
546053
443673
121555
444025
305287
319256
467929
541231
159567
472953
235217
55753
32286
270315
159411
12475
534917
313605
199458
571553
59738
38046
371651
220348
181022
9745
235842
125180
527073
416869
365187
410981
574144
445829
98395
354734
575230
395958
374832
62581
417573
154179
521739
221755
490857
223203
106269
433805
529630
303340
302715
335999
473508
581419
198323
333216
271282
412830
290753
33295
27903
256474
149091
510418
245304
312218
47742
345880
471039
427816
445639
469934
386537
178484
489735
324901
218368
478052
76893
261323
517430
339059
367814
380949
399600
277215
554455
265236
19193
257786
500136
194574
391419
432636
478415
74217
109314
421529
211449
406708
36
63703
307
22012
218242
86526
255335
63261
74069
433616
476530
359139
369504
550925
134937
472814
17766
52183
417726
397892
455362
181662
472250
319062
250677
413847
378911
99030
245002
268731
92444
263993
277070
434264
549400
63835
268147
398051
433637
250607
468049
275631
229544
797
101094
438091
535768
12283
192747
429289
270659
411937
409774
251790
296106
50727
182960
21698
184589
197583
543838
151434
355622
477417
508017
33669
197318
515006
59116
242404
415976
392666
43464
223573
138350
534058
224260
132386
464188
348523
322212
238203
473018
393064
403853
197891
7504
518575
310978
542804
428340
485550
38729
21717
25414
360982
504850
36187
107150
219842
143334
63943
104114
364833
83464
66266
3272
38256
404283
26436
51774
312246
537213
210048
308892
198560
107147
384260
111727
381944
362739
340333
299811
136396
193855
127643
103465
526168
213537
465027
422576
540285
273887
274834
577455
384659
333126
473549
10337
28373
222506
201698
285448
62707
76401
30815
238245
477878
20644
211850
392971
114940
499525
35668
531646
383658
197805
85728
81084
656
269590
433704
458141
162691
29356
467265
60953
525891
113360
178429
204420
57639
202723
544601
432964
177109
193456
104047
284993
176985
147591
74714
13082
59573
445517
502104
99642
104768
501646
181356
492476
485937
39555
304260
472312
198560
457477
366240
133113
293763
559403
439399
379246
101839
6332
434125
299466
312894
421059
94714
392352
507615
450215
483547
12822
132944
66014
75334
84495
120846
206628
443377
59024
156367
176680
279503
72969
251932
145738
478781
541491
90516
532411
366934
499725
349337
403915
155205
574983
234396
60433
105339
170253
39913
331955
177109
19238
565462
90290
455704
444206
106562
452168
442668
11682
189063
204217
287907
14804
110142
16544
109950
137970
17320
133879
167963
89052
388841
716
551661
122419
278336
579567
546472
104454
309
181680
515590
60671
92315
20556
406414
340238
84843
82833
268781
27616
12429
548362
147716